[gd_scene load_steps=13 format=3 uid="uid://oh7sea43f3ac"]

[ext_resource type="Script" path="res://universe.gd" id="1_lu4tr"]
[ext_resource type="PackedScene" uid="uid://bthq62dn61h2p" path="res://planet.tscn" id="1_t5yn1"]
[ext_resource type="Shader" path="res://universe_sky.gdshader" id="2_cptui"]
[ext_resource type="PackedScene" uid="uid://c87h2epsqxhpj" path="res://star.tscn" id="2_i36fb"]
[ext_resource type="PackedScene" uid="uid://bs2si85m1wc4e" path="res://star_image.tscn" id="4_usbn8"]
[ext_resource type="PackedScene" uid="uid://doygd8gsr2giw" path="res://spaceship.tscn" id="6_etepy"]

[sub_resource type="FastNoiseLite" id="FastNoiseLite_g6vhg"]
noise_type = 2
frequency = 0.5668
fractal_type = 0

[sub_resource type="NoiseTexture2D" id="NoiseTexture2D_cxjcv"]
noise = SubResource("FastNoiseLite_g6vhg")

[sub_resource type="ShaderMaterial" id="ShaderMaterial_fliey"]
shader = ExtResource("2_cptui")
shader_parameter/sky_color = Color(0.0238291, 0.0312254, 0.0330282, 1)
shader_parameter/noise = SubResource("NoiseTexture2D_cxjcv")

[sub_resource type="Sky" id="Sky_e5qau"]
sky_material = SubResource("ShaderMaterial_fliey")

[sub_resource type="Environment" id="Environment_4q2gh"]
background_mode = 2
sky = SubResource("Sky_e5qau")

[sub_resource type="Environment" id="Environment_cjqdk"]
background_mode = 5

[node name="Universe" type="Node3D"]
script = ExtResource("1_lu4tr")

[node name="Camera3D" type="Camera3D" parent="."]
visible = false

[node name="SubViewportContainer" type="SubViewportContainer" parent="Camera3D"]
offset_right = 1920.0
offset_bottom = 1080.0

[node name="SubViewport" type="SubViewport" parent="Camera3D/SubViewportContainer"]
handle_input_locally = false
size = Vector2i(1920, 1080)
render_target_update_mode = 4

[node name="SkyCamera" type="Camera3D" parent="Camera3D/SubViewportContainer/SubViewport"]
transform = Transform3D(-0.00265208, -0.506524, 0.862222, 0.00451481, 0.86221, 0.506531, -0.999986, 0.00523613, 2.09778e-07, 0, 0, 0)
cull_mask = 4
environment = SubResource("Environment_4q2gh")
current = true

[node name="FakeSunPivot" type="Node3D" parent="Camera3D/SubViewportContainer/SubViewport/SkyCamera"]

[node name="FakeSun" parent="Camera3D/SubViewportContainer/SubViewport/SkyCamera/FakeSunPivot" instance=ExtResource("4_usbn8")]
transform = Transform3D(1, 0, 1.61833e-10, 0, 1, 3.0906e-08, -2.29917e-10, -2.8699e-08, 1, 0, 0, -5)

[node name="DirectionalLight3D" type="DirectionalLight3D" parent="Camera3D/SubViewportContainer/SubViewport/SkyCamera/FakeSunPivot"]
transform = Transform3D(1, 0, 0, 0, 1, 0, 0, 0, 1, 0, 0, -5)
light_energy = 100.0
light_cull_mask = 4294966273
shadow_enabled = true
sky_mode = 1

[node name="SubViewport2" type="SubViewport" parent="Camera3D/SubViewportContainer"]
transparent_bg = true
handle_input_locally = false
size = Vector2i(1920, 1080)
render_target_update_mode = 4

[node name="Planet" parent="Camera3D/SubViewportContainer/SubViewport2" instance=ExtResource("1_t5yn1")]
transform = Transform3D(0.943495, 0.048061, 0.327884, 0, 0.989427, -0.14503, -0.331387, 0.136835, 0.93352, 149600, 0, 0)
radius = 6.371

[node name="OrbitPivot" type="Node3D" parent="Camera3D/SubViewportContainer/SubViewport2/Planet"]

[node name="PlanetsCamera" type="Camera3D" parent="Camera3D/SubViewportContainer/SubViewport2/Planet/OrbitPivot"]
transform = Transform3D(0.331387, 8.79469e-08, 0.943495, -0.136835, 0.989428, 0.048061, -0.933519, -0.14503, 0.327883, 6.75, 0, 0)
cull_mask = 2
environment = SubResource("Environment_cjqdk")
current = true
far = 10000.0

[node name="Star" parent="Camera3D/SubViewportContainer/SubViewport2" instance=ExtResource("2_i36fb")]
radius = 695.7

[node name="SubViewport3" type="SubViewport" parent="Camera3D/SubViewportContainer"]
transparent_bg = true
handle_input_locally = false
size = Vector2i(1920, 1080)
render_target_update_mode = 4

[node name="Spaceship" parent="Camera3D/SubViewportContainer/SubViewport3" instance=ExtResource("6_etepy")]
